   0.0000000e+00  -8.0000000e-01  -8.0000000e-01
   3.6000000e+03   2.4000000e-01   2.4000000e-01
   7.2000000e+03   1.2100000e+00   1.2100000e+00
   1.0800000e+04   1.8400000e+00   1.8400000e+00
   1.4400000e+04   1.9900000e+00   1.9900000e+00
   1.8000000e+04   1.6900000e+00   1.6900000e+00
   2.1600000e+04   1.0800000e+00   1.0800000e+00
   2.5200000e+04   2.5000000e-01   2.5000000e-01
   2.8800000e+04  -6.9000000e-01  -6.9000000e-01
   3.2400000e+04  -1.5100000e+00  -1.5100000e+00
   3.6000000e+04  -1.9000000e+00  -1.9000000e+00
   3.9600000e+04  -1.6600000e+00  -1.6600000e+00
   4.3200000e+04  -8.7000000e-01  -8.7000000e-01
   4.6800000e+04   2.0000000e-01   2.0000000e-01
   5.0400000e+04   1.2500000e+00   1.2500000e+00
   5.4000000e+04   1.9800000e+00   1.9800000e+00
   5.7600000e+04   2.2300000e+00   2.2300000e+00
   6.1200000e+04   2.0300000e+00   2.0300000e+00
   6.4800000e+04   1.4700000e+00   1.4700000e+00
   6.8400000e+04   6.6000000e-01   6.6000000e-01
   7.2000000e+04  -3.3000000e-01  -3.3000000e-01
   7.5600000e+04  -1.3100000e+00  -1.3100000e+00
   7.9200000e+04  -1.9400000e+00  -1.9400000e+00
   8.2800000e+04  -1.9900000e+00  -1.9900000e+00
   8.6400000e+04  -1.4200000e+00  -1.4200000e+00
   9.0000000e+04  -4.6000000e-01  -4.6000000e-01
   9.3600000e+04   6.0000000e-01   6.0000000e-01
   9.7200000e+04   1.4700000e+00   1.4700000e+00
   1.0080000e+05   1.9300000e+00   1.9300000e+00
   1.0440000e+05   1.9000000e+00   1.9000000e+00
   1.0800000e+05   1.4900000e+00   1.4900000e+00
   1.1160000e+05   8.2000000e-01   8.2000000e-01
   1.1520000e+05  -5.0000000e-02  -5.0000000e-02
   1.1880000e+05  -9.9000000e-01  -9.9000000e-01
   1.2240000e+05  -1.7000000e+00  -1.7000000e+00
   1.2600000e+05  -1.8900000e+00  -1.8900000e+00
   1.2960000e+05  -1.4200000e+00  -1.4200000e+00
   1.3320000e+05  -4.9000000e-01  -4.9000000e-01
   1.3680000e+05   6.0000000e-01   6.0000000e-01
   1.4040000e+05   1.5400000e+00   1.5400000e+00
   1.4400000e+05   2.0900000e+00   2.0900000e+00
   1.4760000e+05   2.1700000e+00   2.1700000e+00
   1.5120000e+05   1.8400000e+00   1.8400000e+00
   1.5480000e+05   1.2300000e+00   1.2300000e+00
   1.5840000e+05   3.7000000e-01   3.7000000e-01
